3 Weg

---------------------------------------------------------------------------------------------------------------------------------------------------------------- 
| odd |  1.01  |  1.02  |  1.03  |  1.04  |  1.99  |  2.00  |  9.8   |  10.0  |                                                95      100      990      1000  |
|  1  |--------------------------------------------------------------------------------------------------------------------------------------------------------- 
|stake| 123456 | 123456 | 123456 | 123456 | 123456 | 123456 | 123456 | 123456 | 123456 | 123456 | 123456 | 123456 | 123456 | 123456 | 123456 | 123456 | 123456 |
----------------------------------------------------------------------------------------------------------------------------------------------------------------

---------------------------------------------------------------------------------------------------------------------------------------------------------------- 
| odd |  1.01  |  1.02  |  1.03  |  1.04  |  1.99  |  2.00  |  9.8   |  10.0  |                                                95      100      990      1000  |
|  2  |--------------------------------------------------------------------------------------------------------------------------------------------------------- 
|stake| 123456 | 123456 | 123456 | 123456 | 123456 | 123456 | 123456 | 123456 | 123456 | 123456 | 123456 | 123456 | 123456 | 123456 | 123456 | 123456 | 123456 |
----------------------------------------------------------------------------------------------------------------------------------------------------------------

---------------------------------------------------------------------------------------------------------------------------------------------------------------- 
| odd |  1.01  |  1.02  |  1.03  |  1.04  |  1.99  |  2.00  |  9.8   |  10.0  |                                                95      100      990      1000  |
|  X  |--------------------------------------------------------------------------------------------------------------------------------------------------------- 
|stake| 123456 | 123456 | 123456 | 123456 | 123456 | 123456 | 123456 | 123456 | 123456 | 123456 | 123456 | 123456 | 123456 | 123456 | 123456 | 123456 | 123456 |
----------------------------------------------------------------------------------------------------------------------------------------------------------------





2 Weg

---------------------------------------------------------------------------------------------------------------------------------------------------------------- 
| odd |  1.01  |  1.02  |  1.03  |  1.04  |  1.99  |  2.00  |  9.8   |  10.0  |                                                95      100      990      1000  |
|  A  |--------------------------------------------------------------------------------------------------------------------------------------------------------- 
|stake| 123456 | 123456 | 123456 | 123456 | 123456 | 123456 | 123456 | 123456 | 123456 | 123456 | 123456 | 123456 | 123456 | 123456 | 123456 | 123456 | 123456 |
----------------------------------------------------------------------------------------------------------------------------------------------------------------

---------------------------------------------------------------------------------------------------------------------------------------------------------------- 
| odd |  1.01  |  1.02  |  1.03  |  1.04  |  1.99  |  2.00  |  9.8   |  10.0  |                                                95      100      990      1000  |
|  B  |--------------------------------------------------------------------------------------------------------------------------------------------------------- 
|stake| 123456 | 123456 | 123456 | 123456 | 123456 | 123456 | 123456 | 123456 | 123456 | 123456 | 123456 | 123456 | 123456 | 123456 | 123456 | 123456 | 123456 |
----------------------------------------------------------------------------------------------------------------------------------------------------------------













3 Weg

---------------------------------------------------------------------------------------------------------------------------------------------------------------- 
|  1  |  1.01  |  1.02  |  1.03  |  1.04  |  1.99  |  2.00  |  9.8   |  10.0  |                                                95      100      990      1000  |
| w_l | 123456 | 123456 | 123456 | 123456 | 123456 | 123456 | 123456 | 123456 | 123456 | 123456 | 123456 | 123456 | 123456 | 123456 | 123456 | 123456 | 123456 |
----------------------------------------------------------------------------------------------------------------------------------------------------------------

---------------------------------------------------------------------------------------------------------------------------------------------------------------- 
|  2  |  1.01  |  1.02  |  1.03  |  1.04  |  1.99  |  2.00  |  9.8   |  10.0  |                                                95      100      990      1000  |
| w_l | 123456 | 123456 | 123456 | 123456 | 123456 | 123456 | 123456 | 123456 | 123456 | 123456 | 123456 | 123456 | 123456 | 123456 | 123456 | 123456 | 123456 |
----------------------------------------------------------------------------------------------------------------------------------------------------------------

---------------------------------------------------------------------------------------------------------------------------------------------------------------- 
|  X  |  1.01  |  1.02  |  1.03  |  1.04  |  1.99  |  2.00  |  9.8   |  10.0  |                                                95      100      990      1000  |
| w_l | 123456 | 123456 | 123456 | 123456 | 123456 | 123456 | 123456 | 123456 | 123456 | 123456 | 123456 | 123456 | 123456 | 123456 | 123456 | 123456 | 123456 |
----------------------------------------------------------------------------------------------------------------------------------------------------------------




2 Weg

---------------------------------------------------------------------------------------------------------------------------------------------------------------- 
| odd |  1.01  |  1.02  |  1.03  |  1.04  |  1.99  |  2.00  |  9.8   |  10.0  |                                                95      100      990      1000  |
|stake| 123456 | 123456 | 123456 | 123456 | 123456 | 123456 | 123456 | 123456 | 123456 | 123456 | 123456 | 123456 | 123456 | 123456 | 123456 | 123456 | 123456 |
----------------------------------------------------------------------------------------------------------------------------------------------------------------

---------------------------------------------------------------------------------------------------------------------------------------------------------------- 
| odd |  1.01  |  1.02  |  1.03  |  1.04  |  1.99  |  2.00  |  9.8   |  10.0  |                                                95      100      990      1000  |
|stake| 123456 | 123456 | 123456 | 123456 | 123456 | 123456 | 123456 | 123456 | 123456 | 123456 | 123456 | 123456 | 123456 | 123456 | 123456 | 123456 | 123456 |
----------------------------------------------------------------------------------------------------------------------------------------------------------------


